1000
185 457
247 299
701 369
563 442
144 576
535 478
383 458
329 740
290 494
577 412
127 483
558 195
510 421
133 636
 50 363
177 473
565 587
564 182
606 647
578 402
427 337
318 411
369 542
446 489
224 557
324 247
305  49
106 578
393 411
 50 484
488 423
614 483
567 295
152 245
448 684
495 311
 67 481
700 390
524 367
754 321
588 215
301  78
183 646
 78 446
 57 521
132 259
696 317
535 659
420 463
151 181
567 330
411 596
240 387
472 573
480 391
397 741
301 460
458 467
 35 404
745 331
429 583
134 456
483 390
404 407
 76 318
316  39
289 323
182 218
186 449
495 122
463 314
632 355
130 553
101 187
161 498
208 146
109 274
131 248
402 287
388 149
494 441
421 609
344 456
164 323
672 548
282 449
 73 322
127 493
573 425
 78 537
345 411
 32 253
670 141
336 236
298  64
495 511
616 360
179 664
168 227
434 407
213 711
562 582
123 370
244 122
571 346
419 271
248  92
477 368
320 588
 10 348
210 103
199 530
471 664
478 241
576 494
346 446
161 239
760 388
100 583
483 392
167 578
491 391
213 162
451  70
238 566
676 237
129 127
740 485
615 365
632 484
389 543
172 425
320 455
 57 558
281 524
270 420
742 407
480 749
479 542
415 414
573 253
198 464
214 379
265 286
293 616
314 475
438 171
284 192
208 261
179 227
571  56
720 226
584 676
319 692
550 317
216 455
604 525
247 353
 91 424
290 668
617 443
 70 560
408 500
561 400
417 374
756 346
675 243
102 339
431 594
377 464
431 694
 86 414
 72 546
270 570
523  98
531 302
184 232
663 591
582 339
480 579
394 122
 83 397
538 457
594 340
 91 560
183 642
576 698
221 442
580 434
 98 495
260 397
529 367
430 201
473 303
332 389
 62 304
205 265
197 221
 94 565
376 107
480 339
 67 402
458 283
468 155
 64 518
186 286
560 142
412  67
522 375
 53 422
457  26
 97 550
740 285
276 596
690 396
392 330
 46 472
602 358
599 455
248 560
696 406
517 157
550 566
336 660
460  78
605 272
112 614
432 403
569 361
480 124
751 408
500 393
448 453
342 185
481 387
 64 577
 83 560
241 467
157 149
460 552
 66 516
489 368
287  70
293 379
365 619
314  33
480 181
209 551
 80 469
137 401
497 460
365 174
 80 602
403 510
298 280
486  65
373 214
246 560
191 538
594 106
 61 223
404 333
313 566
336 222
519 287
404 310
672 345
616 291
427 743
391 322
189 370
393 366
682 305
571 368
448 729
651 416
131 469
293 623
117 634
348 588
444 552
454 420
 75 544
600 397
124 282
687 274
410 573
145 267
261 514
 44 230
483 233
532 564
260 333
 68 564
208 625
159 407
285  98
205 274
253 358
763 384
330 306
264 228
167 233
546 184
 92 447
345 242
658 556
525 722
649 420
600 478
676 180
318 481
321 258
622 661
597 380
722 549
367  94
733 509
607 666
375  79
391 553
453 307
321 469
430 666
189 494
270 525
231  36
286 733
477 253
611  95
307 552
518 328
605 656
631 519
415 254
140 333
480 325
381  35
702 309
186 560
743 269
379 564
759 438
514 174
634 516
119 342
211 494
562 328
367 450
 44 374
206 134
633 208
125 646
115 449
412 417
241 502
404 695
 94 565
295 297
451 668
 61 452
629 281
103 469
738 397
 78 433
631 249
558 210
364 520
543 612
367 204
345 467
574 482
411  43
286 363
298 321
509 485
107 290
273 625
558 373
591 266
497 494
425 433
664 293
 40 274
 47 419
493 408
327 401
 36 461
342 575
553 351
762 375
399 225
357 533
180 246
714 442
561 146
327 595
 31 475
720 305
638 475
610 488
247 153
 49 458
229 537
161 178
 69 209
505 360
440 438
625 166
558 669
301 483
473  26
686 518
629 164
736 354
515 450
155 547
306 660
434 470
427 498
126 652
355 500
227 583
210 483
733 305
426 540
258 497
408 404
204 660
156 478
299  50
 95 462
526 554
674 425
596 236
162 347
529 151
 98 465
287 249
528 231
230 194
159 664
568 364
423 157
757 292
638 164
206 359
196 551
619 395
 98 445
128 588
355 144
319 239
594 213
536 464
345 664
372 105
362  88
560 304
669 260
684 446
545 179
518 733
536 446
580 457
234 230
 86 569
577 459
309 150
122 594
164 377
366 313
594 697
 64 347
129 468
236 382
248 592
481 449
460 284
247 679
574 371
 70 562
282 149
417 727
381 392
501 526
329  12
 71 591
317 514
 78 566
684 234
366 232
645 320
240 447
658 398
244 396
568 379
565 314
297 426
224 512
197 115
667 204
625 470
206  50
625 356
685 196
166 421
200 116
528 106
180 569
511 213
 38 394
134 575
727 394
654 390
525 706
606  67
759 477
708 327
638 622
386 472
 34 446
540 376
313 410
764 372
372 491
328 265
763 319
338 114
262 346
571 342
432 175
703 190
296 338
113 489
552 517
447 218
454 153
139 396
386 303
592 190
484 467
343  10
386 290
637 551
561 713
386 168
121 586
112 302
502 722
564 656
510 320
300 515
665 612
489 748
262 525
 41 480
545  93
353 385
496 638
606 257
287 372
552 474
 94 599
510 253
 84 526
138 403
 70 523
429 413
129 588
459  99
113 431
232 345
676 277
432 237
572 205
306  63
149 206
424  11
585 394
680 454
369 575
464 351
426 351
304 498
705 449
 57 568
694 205
310 521
634 376
288 264
332 445
674 152
197 561
264 410
316 658
287 282
546 482
141 403
582 553
379 615
495 499
484 691
240 566
348 290
364 454
625 245
253 365
382 408
676 319
420  71
 29 496
290 576
399 758
526 600
133 550
490 406
566 250
409 441
415 592
 83 312
612 287
433 114
613 413
564 309
554 582
213 468
 25 446
491 105
126 201
106 452
360 625
202 543
530 303
404 453
540 332
724 263
622 352
573 149
647 431
666 362
415 152
 73 551
200 426
501 441
570 611
472 109
757 301
533 340
760 424
493 435
150 255
715 337
596  64
469 421
734 240
465 736
324 412
 66 566
111 227
103 456
149 329
 58 315
304 668
104 361
489 507
251  78
713 216
429 387
510 305
386 640
447 340
 20 442
397 620
334 288
721 315
164 151
257 704
584 211
355 379
200 422
449 506
324 280
353 188
709 283
286 293
543 380
572 363
593 508
305 659
346 166
481 223
359 370
245 632
373 300
279 110
488 392
217 434
385 451
192 695
556 226
275 211
589 418
398 507
641 542
429 331
515 193
 79 555
390 321
 97 555
529 331
345 698
 71 546
195 456
653 605
580 428
678 252
681 153
164 468
299 437
592  58
527 404
361 687
109 276
 56 374
310  41
535 525
312 514
223 439
696 400
167 467
451 605
 35 412
620 300
441 397
545 318
191 653
107 383
597  76
526 500
475 491
587 421
234 512
715 367
531 390
422 535
393 267
550 476
568 399
 78 240
394  92
508 104
387 411
237 145
106 139
404 700
375 748
443 626
172 384
308 471
428 352
589 680
441 343
573 368
618 114
209 699
103 573
241 456
126 364
592 594
339 207
216 388
530 495
390 113
390 269
641 371
 86 258
562 402
253 706
358 318
632 471
421 482
607 291
356 648
274 665
639 191
370 451
370 301
759 351
655 216
520 488
512 690
445 434
358 325
271 495
712 569
519  70
637 658
630 621
697 315
506 377
286 415
522 285
283 418
569 163
530 338
525 250
477  41
566 319
385 512
641 307
475 217
 73 551
583 441
125 507
215 405
687 419
347  80
487 623
476  88
638 615
148 568
207 312
 66 523
320 619
183 511
311 470
627 600
674 258
 95 457
206 539
133 511
479 492
717 339
160 563
661 120
488 341
387 277
740 391
608 271
271  19
699 207
260 438
348 521
482 460
469 397
511  39
452 132
492 576
610 393
400 424
589 630
316 573
525 477
132 445
249 562
456 419
226 142
402 398
339 161
501 395
363 378
183  62
664 399
590 222
660 462
384 369
522 478
245 139
400 172
194 619
465 426
671 425
633 301
517 463
430 472
685 498
290 161
604 377
487 148
109 566
259 473
326 251
328 467
335 358
394 371
203 165
283 377
 21 398
465 420
191 565
422 328
477 493
326 212
458 750
365 456
410 483
116 597
152 364
378 317
 99 490
327 587
730 348
130 297
695 338
 81 555
570  61
155 308
 66 565
593 536
583 124
425 156
353 622
621 546
282 219
622 512
 90 337
295 288
292 594
352 420
550 426
388 494
 74 454
175 330
476 326
572  76
716 375
342 376
263 151
188 329
641 290
327 301
157 596
123 461
 92 360
558 251
551 134
682 311
220 445
560 276
495 558
157 615
555 193
303 426
145 320
357  10
570 385
528 265
345 386
227 388
670 454
568 152
512  50
620 483
86 597
544 120
104 605
435 507
463 288
368 686
103 314
597 254
426 409
185 599
293 478
298 664
519 258
 82 401
692 345
304 297
278 247
589 605
103 561
336 360
715 242
432 272
673 384
252 385
419 612
 60 500
441 425
700 544
470 185
632 434
496 473
275 375
350 569
193 450
 88 607
440 594
692 343
113 370
334 524
396 150
462 486
193 527
331 533
748 462
 94 544
254 302